-17896.5332031 -17703.8769531 -17621.0390625
-16054.0097656 -15743.9228516 -15519.7851562
-15946.9228516 -15675.4394531 -15511.8105469
-16538.4277344 -16265.7773438 -16049.7451172
-16436.1132812 -16127.6806641 -16042.9980469
-17169.3769531 -16908.8984375 -16764.1601562
-19180.0078125 -19040.0546875 -18956.0761719
-16105.4746094 -15718.1835938 -15563.1923828
-18153.7167969 -17973.0390625 -17843.6835938
-16732.5019531 -16334.7822266 -16166.1347656
-18037.2324219 -17899.1074219 -17836.7968750
-16683.3535156 -16424.4863281 -16317.2939453
-17832.0585938 -17616.7363281 -17586.6542969
-15881.6250000 -15565.5761719 -15528.5683594
-16644.0527344 -16327.1435547 -16425.4921875
-16428.4902344 -16143.2402344 -16245.1513672
-17800.9140625 -17517.9121094 -17645.6933594
-15797.4677734 -15482.4306641 -15600.8261719
-16413.1289062 -16222.3779297 -16126.2119141
-16022.5937500 -15677.1679688 -15701.0019531
-17303.1367188 -17100.8398438 -17099.7714844
-16311.4755859 -15957.7753906 -16037.6484375
-17418.2324219 -17199.3378906 -17060.5468750
-17201.5488281 -16997.1640625 -16882.0058594
-16334.5986328 -16068.7714844 -15758.3994141
-17765.1484375 -17647.1582031 -17557.1972656
-16179.6806641 -15890.8564453 -15772.8349609
-16036.5849609 -15768.4980469 -15642.7529297
-18397.8652344 -18211.9843750 -18200.3671875
-16008.9257812 -15648.0273438 -15697.8349609
-16019.5107422 -15861.7314453 -15790.5673828
-17591.2109375 -17387.2910156 -17440.4648438
-17884.2421875 -17616.5859375 -17694.1054688
-16592.7656250 -16464.7617188 -16353.7988281
-17050.5703125 -16853.4550781 -16872.3066406
-17291.6796875 -16945.5957031 -17056.1738281
-17238.9472656 -16943.6328125 -16830.5097656
-17228.6640625 -16980.6542969 -16889.7402344
-15839.2255859 -15538.3203125 -15353.6035156
-17397.1250000 -17168.1562500 -17019.6621094
-17136.8417969 -16902.8476562 -16745.9433594
-17962.9433594 -17745.2226562 -17625.8027344
-18124.3437500 -17934.7226562 -17746.6308594
-17811.3300781 -17593.1445312 -17442.5996094
-16259.4599609 -15911.2783203 -15577.9169922
-18002.3632812 -17745.9023438 -17618.9863281
-16129.8212891 -15801.4130859 -15595.3486328
-16010.0000000 -15650.6992188 -15437.0566406
-17172.1601562 -16976.3144531 -16812.6933594
-17044.1406250 -16797.5957031 -16741.8476562
-16684.4335938 -16511.8750000 -16446.3789062
-17387.0527344 -17146.2011719 -17041.8984375
-16842.6250000 -16556.5917969 -16349.3535156
-18391.4550781 -18264.1894531 -18200.8847656
-16619.3222656 -16303.9990234 -16343.6748047
-16396.7851562 -16031.6318359 -16150.8652344
-16279.2587891 -15935.3798828 -15986.0390625
-15982.6318359 -15524.5703125 -15626.7509766
-17437.0937500 -17228.3007812 -17295.5097656
-16714.9628906 -16460.8808594 -16529.7050781
-16556.4023438 -16262.8798828 -16291.9199219
-16923.1523438 -16659.4453125 -16727.8046875
-17100.8437500 -16735.8125000 -16835.0175781
-18466.0078125 -18288.8710938 -18344.3515625
-16195.3212891 -15797.2236328 -15904.6562500
-16588.3417969 -16345.1542969 -16421.7304688
-18102.5273438 -17870.6953125 -17763.0625000
-17049.9785156 -16778.7988281 -16673.0488281
-17673.8203125 -17385.1835938 -17326.7988281
-17420.2421875 -17310.7285156 -17096.2089844
-16708.9238281 -16474.8964844 -16310.3310547
-17079.6269531 -16853.9960938 -16714.1875000
-16453.3417969 -16187.0488281 -16120.3525391
-17721.0000000 -17749.2187500 -17752.5742188
-16707.5664062 -16695.8378906 -16691.2695312
-16686.2578125 -16756.3398438 -16777.4687500
-16624.7421875 -16707.8613281 -16726.3613281
-17264.5253906 -17208.9160156 -17261.0273438
-18203.8339844 -18095.9218750 -18152.0566406
-16013.9638672 -15956.5029297 -15962.0927734
-17213.3144531 -17139.1132812 -17192.8046875
-17289.8222656 -17282.7207031 -17355.9980469
-17327.2539062 -17317.2167969 -17345.9960938
-19713.2128906 -19719.0957031 -19735.9121094
-16978.4472656 -17097.7968750 -17174.1035156
-17266.8925781 -17300.9570312 -17350.3593750
-16722.7246094 -16860.8710938 -16823.4980469
-16492.2636719 -16460.7910156 -16507.9628906
-17857.4531250 -17935.2949219 -17989.0273438
-17608.1503906 -17606.8066406 -17655.5214844
-16800.3574219 -16884.0195312 -16912.7402344
-18393.7558594 -18478.0761719 -18504.9960938
-15792.7167969 -15822.7890625 -15884.1630859
-16198.7890625 -16205.6093750 -16284.8505859
-17035.0292969 -17131.3105469 -17167.3222656
-16345.3593750 -16474.3222656 -16578.1953125
-16681.2812500 -16612.3906250 -16695.6972656
-17259.1347656 -17172.8925781 -17265.7988281
-16685.3671875 -16698.1152344 -16712.2050781
-16828.4335938 -16919.7363281 -16852.5097656
-16232.5000000 -15960.0068359 -16015.0771484
-17825.2519531 -17555.1210938 -17686.8242188
-17188.8066406 -16983.9160156 -17014.1289062
-16528.5019531 -16241.4130859 -16310.8261719
-16955.5878906 -16705.4492188 -16804.0058594
-16613.4414062 -16473.4550781 -16492.2128906
-17345.9296875 -17021.2695312 -17060.3359375
-17749.9414062 -17503.8300781 -17523.4902344
-17634.3203125 -17485.4550781 -17534.5703125
-17669.6914062 -17427.1835938 -17555.8242188
-17378.0214844 -17144.0136719 -17207.0410156
-17105.9199219 -16802.7929688 -16894.0332031
-17530.5371094 -17258.5839844 -17367.8750000
