-17947.8281250 -17720.1445312 -17582.5683594
-16113.7285156 -15807.3017578 -15677.6054688
-15839.1982422 -15553.3378906 -15399.6230469
-16431.1093750 -16150.9707031 -15886.7753906
-16431.6171875 -16144.4531250 -15937.0146484
-17021.2265625 -16817.6484375 -16718.2070312
-19219.3300781 -19075.1699219 -18996.2226562
-16168.8115234 -15862.8642578 -15625.8349609
-18262.2070312 -18085.4335938 -17924.3125000
-16745.8750000 -16437.3125000 -16290.1025391
-17928.1308594 -17753.2968750 -17712.9667969
-16748.7304688 -16486.1347656 -16282.9345703
-17797.2343750 -17572.5878906 -17556.0390625
-15873.7724609 -15653.7714844 -15512.1982422
-16638.5371094 -16347.6894531 -16387.5429688
-16508.6738281 -16214.3710938 -16311.4912109
-17852.6894531 -17572.4667969 -17651.9375000
-16154.3535156 -15740.2343750 -15803.5283203
-16442.6289062 -16114.4570312 -16031.6083984
-15888.5751953 -15523.7988281 -15607.8242188
-17164.7539062 -16954.7695312 -17022.4355469
-16278.3300781 -15900.2021484 -16020.5283203
-17463.7480469 -17249.8027344 -17181.2753906
-17146.1933594 -16912.4667969 -16743.4179688
-16384.7089844 -16054.2011719 -15814.2822266
-17831.7441406 -17651.8593750 -17557.0097656
-16128.7294922 -15750.7246094 -15658.4482422
-16146.1064453 -15857.3349609 -15747.3291016
-18541.2617188 -18376.7285156 -18328.0175781
-15681.6962891 -15422.2597656 -15505.8798828
-15926.5234375 -15768.1835938 -15753.9912109
-17486.8203125 -17255.7324219 -17352.1250000
-17909.0371094 -17699.9042969 -17744.0625000
-16750.4863281 -16519.7363281 -16443.7109375
-17127.9902344 -16905.2578125 -16951.3203125
-17395.9746094 -17163.3867188 -17273.4257812
-17341.9648438 -17067.5097656 -16920.4628906
-17298.4199219 -17025.4824219 -16904.9648438
-15948.3095703 -15585.1289062 -15498.2822266
-17230.3613281 -17022.6464844 -16866.9355469
-17031.0078125 -16812.6191406 -16633.7539062
-17976.7812500 -17878.1738281 -17717.7617188
-17981.3574219 -17784.3593750 -17520.9824219
-17988.7988281 -17693.6054688 -17544.8613281
-16182.7568359 -15884.8710938 -15586.0605469
-17916.2968750 -17687.3984375 -17622.0488281
-16080.7558594 -15760.6064453 -15570.2519531
-16034.2929688 -15696.4003906 -15510.0693359
-17115.4707031 -16868.8691406 -16788.4277344
-16974.8632812 -16829.7265625 -16712.5585938
-16906.0859375 -16629.2578125 -16559.1621094
-17352.5703125 -17169.9570312 -17011.5917969
-16696.1171875 -16390.1777344 -16252.3388672
-18415.5058594 -18308.6015625 -18213.5664062
-16523.4257812 -16198.8730469 -16161.0898438
-16482.7617188 -16155.5683594 -16188.4882812
-16355.6210938 -16004.0585938 -16070.2509766
-16033.6699219 -15650.1396484 -15810.4326172
-17306.7285156 -16974.2304688 -17116.9687500
-16757.6562500 -16507.4277344 -16587.2753906
-16615.7207031 -16271.0654297 -16329.3964844
-16941.6289062 -16611.6601562 -16719.6601562
-16870.0820312 -16591.1191406 -16641.4824219
-18638.5507812 -18407.3710938 -18494.9199219
-16069.6650391 -15716.6386719 -15820.2519531
-16709.9667969 -16422.9824219 -16422.6132812
-18125.2617188 -17878.8476562 -17773.3359375
-17153.0117188 -16893.3183594 -16824.6406250
-17541.7929688 -17384.7441406 -17264.2324219
-17144.1660156 -16928.3554688 -16771.7773438
-16491.8457031 -16294.1601562 -16107.3427734
-16998.8476562 -16735.8906250 -16635.5468750
-16300.4228516 -16014.6210938 -15921.6562500
-17753.2753906 -17765.1074219 -17765.6113281
-16823.7753906 -16738.8144531 -16804.2968750
-16672.5468750 -16652.5410156 -16701.8613281
-16622.0468750 -16543.1250000 -16561.7187500
-16979.0058594 -16907.1660156 -16930.2949219
-18150.4101562 -18071.8886719 -18099.7050781
-15824.9638672 -15843.3261719 -15870.6279297
-17268.4609375 -17241.1093750 -17227.7929688
-17448.1835938 -17397.2050781 -17438.6816406
-17308.6757812 -17369.8183594 -17356.4667969
-19715.8496094 -19754.0878906 -19742.7734375
-17095.8203125 -17210.6113281 -17242.2128906
-17082.2871094 -17164.1660156 -17169.5703125
-16643.5742188 -16796.1308594 -16766.2304688
-16313.9248047 -16337.7128906 -16447.0214844
-17853.7109375 -17939.2421875 -18062.9863281
-17525.7578125 -17592.0332031 -17571.4218750
-16886.3203125 -16993.9335938 -17047.1484375
-18303.3925781 -18304.7753906 -18374.2167969
-15607.9140625 -15720.2822266 -15767.4316406
-16194.1318359 -16269.7597656 -16347.6132812
-16807.0781250 -16896.2089844 -16881.6718750
-16411.2363281 -16444.8378906 -16487.2890625
-16531.1738281 -16534.7910156 -16550.0000000
-17054.2792969 -17079.4414062 -17127.4511719
-16610.4042969 -16569.7851562 -16640.9707031
-16657.0527344 -16796.7109375 -16744.3750000
-16317.9023438 -16027.3652344 -16041.9257812
-17617.6523438 -17356.9843750 -17491.4726562
-17070.6210938 -16801.1699219 -16890.0566406
-16626.9609375 -16363.7714844 -16369.3134766
-17160.3925781 -16887.1816406 -16939.1914062
-16500.9804688 -16249.3876953 -16269.9052734
-17310.5507812 -16922.2871094 -17022.2519531
-17759.4160156 -17511.6406250 -17538.3066406
-17722.8242188 -17470.0468750 -17610.7792969
-17669.1894531 -17456.6855469 -17524.6816406
-17422.8027344 -17127.6328125 -17201.7421875
-17067.9453125 -16772.9296875 -16889.6914062
-17292.9531250 -17079.7148438 -17185.3007812
