-18063.2929688 -17842.8066406 -17810.4921875
-16109.5800781 -15852.4951172 -15669.8798828
-15807.7646484 -15587.8310547 -15349.1005859
-16341.7636719 -16160.3691406 -15893.8437500
-16416.2246094 -16078.9111328 -15943.5019531
-17293.3710938 -17069.6230469 -16910.9179688
-19306.5761719 -19147.1855469 -19062.7734375
-15938.6250000 -15716.3955078 -15443.8867188
-18149.0097656 -17959.2773438 -17853.4628906
-16659.8398438 -16437.6972656 -16246.0234375
-17991.8242188 -17816.9121094 -17788.0156250
-16835.5625000 -16485.6054688 -16432.8320312
-17778.8300781 -17596.9765625 -17561.0742188
-16049.9707031 -15736.2949219 -15764.1787109
-16549.5488281 -16232.7431641 -16316.3564453
-16331.5800781 -15949.6220703 -16095.3574219
-17787.8769531 -17519.9863281 -17667.9511719
-16097.9248047 -15754.2519531 -15872.0224609
-16557.0898438 -16236.5058594 -16201.5771484
-15843.6962891 -15466.2578125 -15579.0429688
-17264.4394531 -16994.9843750 -17038.5214844
-16360.3632812 -15917.1328125 -16001.5693359
-17411.3789062 -17198.7539062 -17088.4531250
-17150.2089844 -16901.0527344 -16801.4941406
-16201.1289062 -15882.3222656 -15627.6523438
-17817.1093750 -17561.0039062 -17513.4941406
-16155.8095703 -15787.0634766 -15635.9433594
-15913.7861328 -15689.7333984 -15530.1494141
-18388.5703125 -18210.3671875 -18167.8789062
-15972.6289062 -15605.5136719 -15629.8437500
-16014.5937500 -15732.3095703 -15758.2812500
-17629.4160156 -17483.8378906 -17499.1250000
-17859.6484375 -17670.4921875 -17713.0332031
-16751.7343750 -16455.5292969 -16434.0078125
-17249.9550781 -17063.8027344 -17139.5957031
-17345.0605469 -17114.5917969 -17159.9394531
-17217.6777344 -17028.1562500 -16844.8300781
-17154.6894531 -16875.7246094 -16766.6406250
-15931.1396484 -15524.9921875 -15362.6367188
-17404.1601562 -17225.5683594 -17006.9082031
-16964.3730469 -16704.5761719 -16534.1367188
-18087.5937500 -17821.9335938 -17725.5605469
-18153.3085938 -17970.4433594 -17676.7949219
-17951.5136719 -17770.9863281 -17548.9804688
-16124.6250000 -15768.6728516 -15460.0039062
-17844.4589844 -17621.7382812 -17556.1972656
-15951.6591797 -15631.1162109 -15388.3681641
-16172.6572266 -15764.4882812 -15607.2089844
-17253.9257812 -16990.6152344 -16875.5859375
-17091.0683594 -16801.5410156 -16724.6875000
-16557.6660156 -16382.5673828 -16279.3046875
-17449.0468750 -17198.8867188 -17076.7226562
-16766.8300781 -16394.8847656 -16329.3740234
-18452.6328125 -18317.0488281 -18256.1796875
-16603.1953125 -16294.9179688 -16338.7568359
-16563.0449219 -16190.9912109 -16301.2500000
-16593.3613281 -16186.8476562 -16265.7304688
-16025.3720703 -15683.4785156 -15749.9658203
-17520.6640625 -17234.6679688 -17272.8613281
-16671.5000000 -16436.5917969 -16474.7265625
-16568.5117188 -16303.0205078 -16325.0195312
-17204.5136719 -16894.2714844 -17019.5585938
-17105.0097656 -16739.8281250 -16833.1972656
-18694.2382812 -18487.4082031 -18576.5781250
-15895.8017578 -15558.9531250 -15689.6416016
-16566.2109375 -16319.9394531 -16310.5234375
-17974.3671875 -17709.5527344 -17622.8300781
-17034.9687500 -16793.1660156 -16676.4589844
-17838.8984375 -17583.6718750 -17409.3437500
-17391.1894531 -17118.5332031 -17018.8789062
-16845.8730469 -16583.0292969 -16431.0214844
-16805.7324219 -16612.2929688 -16535.1992188
-16493.9843750 -16049.9511719 -16015.9697266
-17819.3164062 -17825.5371094 -17832.1093750
-16873.6035156 -16835.6191406 -16889.8886719
-16609.1894531 -16567.2402344 -16567.7675781
-16609.9140625 -16647.0937500 -16654.0976562
-16870.1113281 -16882.5859375 -16964.4199219
-18096.7050781 -18064.2949219 -18131.2128906
-15918.8789062 -15958.6474609 -15957.7451172
-17239.3496094 -17178.9472656 -17171.1464844
-17392.7695312 -17410.9199219 -17453.8281250
-17247.4570312 -17275.6210938 -17250.1503906
-19707.9980469 -19717.5292969 -19722.9550781
-16901.0195312 -16960.9687500 -17069.5234375
-17282.7421875 -17388.6855469 -17397.7246094
-16824.9531250 -16833.4863281 -16850.9941406
-16480.3222656 -16546.7617188 -16509.4589844
-17865.1328125 -17861.6953125 -17911.6347656
-17554.1582031 -17581.6601562 -17597.3203125
-16714.7949219 -16806.5429688 -16833.4765625
-18223.0976562 -18287.5253906 -18349.7812500
-15721.8515625 -15802.3593750 -15884.8251953
-16149.2099609 -16169.8847656 -16212.6494141
-16962.4414062 -17086.6152344 -17133.4453125
-16507.4804688 -16539.0800781 -16610.6054688
-16732.8886719 -16773.2187500 -16790.1035156
-17186.1601562 -17197.1015625 -17225.0839844
-16407.1269531 -16438.0546875 -16480.0683594
-16693.1777344 -16743.8906250 -16741.3125000
-16413.3769531 -16154.1132812 -16146.5800781
-17619.5332031 -17342.5156250 -17453.1093750
-17016.2734375 -16761.6562500 -16815.6718750
-16493.1484375 -16203.8320312 -16265.5126953
-17256.5039062 -16963.8847656 -17013.2343750
-16542.3632812 -16338.1416016 -16387.6386719
-17197.0917969 -16929.6933594 -16951.7011719
-17810.8945312 -17603.0917969 -17638.9589844
-17726.4902344 -17554.6308594 -17554.1757812
-17609.4960938 -17432.0039062 -17574.3320312
-17416.1542969 -17181.2070312 -17250.6894531
-16982.0644531 -16664.3398438 -16793.5058594
-17388.6953125 -17174.2304688 -17229.1875000
