-17910.9687500 -17683.2714844 -17595.5800781
-16160.5166016 -15826.0419922 -15688.0185547
-15884.4121094 -15589.3222656 -15393.1181641
-16415.1972656 -16215.1318359 -16023.3818359
-16422.5507812 -16190.2695312 -15985.2812500
-17205.1757812 -16988.7187500 -16864.3593750
-19309.7597656 -19193.5214844 -19086.2832031
-15948.9960938 -15687.9189453 -15449.8476562
-18297.5468750 -18119.3945312 -17966.5976562
-16610.3789062 -16310.8183594 -16114.6943359
-18192.4609375 -17994.7929688 -17923.2832031
-16579.8222656 -16285.3076172 -16208.3339844
-17863.3164062 -17608.8242188 -17629.8730469
-15929.5361328 -15695.1230469 -15619.4208984
-16671.4042969 -16240.2617188 -16345.6796875
-16531.9140625 -16217.1386719 -16263.6406250
-17645.7636719 -17419.0507812 -17493.0585938
-15828.7783203 -15463.1845703 -15570.3574219
-16450.9570312 -16086.2685547 -15987.6884766
-15998.5019531 -15626.2255859 -15689.0292969
-17328.3496094 -17107.8417969 -17123.7421875
-16157.1103516 -15822.6748047 -15953.4511719
-17359.2343750 -17183.2500000 -17088.3808594
-17251.7070312 -17033.0410156 -16891.0449219
-16281.3808594 -16010.4355469 -15753.1123047
-17762.4140625 -17531.5996094 -17464.7656250
-16116.0761719 -15735.4677734 -15601.2675781
-15917.6767578 -15663.6835938 -15541.9326172
-18520.8789062 -18333.9667969 -18339.1679688
-16062.6679688 -15717.7714844 -15799.5800781
-15970.5478516 -15778.3046875 -15748.8046875
-17691.9355469 -17496.0742188 -17565.6542969
-17864.7578125 -17661.2226562 -17673.0000000
-16809.4492188 -16536.2050781 -16494.3105469
-17009.2675781 -16822.0117188 -16877.2421875
-17364.1582031 -17154.5312500 -17222.9277344
-17458.9316406 -17150.0976562 -16994.0898438
-17048.3281250 -16790.3847656 -16684.9765625
-15836.2509766 -15509.0458984 -15364.5771484
-17286.3046875 -17012.6562500 -16864.4980469
-17075.0097656 -16821.0566406 -16725.0390625
-17847.7753906 -17671.0234375 -17576.4726562
-18082.3046875 -17899.8281250 -17651.0312500
-17906.6601562 -17625.8710938 -17513.3945312
-16165.4316406 -15933.3750000 -15600.7128906
-17959.9960938 -17772.6582031 -17577.5429688
-16109.8750000 -15720.0195312 -15548.7353516
-15960.3886719 -15614.9687500 -15525.7070312
-16905.3261719 -16716.1210938 -16605.3007812
-16978.9296875 -16787.5976562 -16644.1191406
-16738.7304688 -16489.4257812 -16411.1953125
-17193.3710938 -16988.0351562 -16791.9492188
-16720.6718750 -16405.5058594 -16304.7734375
-18507.6113281 -18356.4765625 -18275.6484375
-16494.0859375 -16198.7236328 -16236.6777344
-16367.7714844 -16083.3896484 -16176.2236328
-16277.9042969 -15918.0527344 -15976.4726562
-16123.9267578 -15772.0937500 -15860.7998047
-17158.4589844 -16920.3378906 -16971.6347656
-16880.9843750 -16656.7988281 -16705.1914062
-16485.3906250 -16190.2490234 -16274.9511719
-17072.0429688 -16848.6074219 -16889.9218750
-16922.7968750 -16558.9082031 -16599.5859375
-18683.6269531 -18477.3496094 -18527.4023438
-16102.4765625 -15636.4335938 -15800.3271484
-16503.6660156 -16245.4609375 -16321.8271484
-17943.7382812 -17695.3144531 -17562.8906250
-17012.1523438 -16753.9355469 -16611.4472656
-17846.4941406 -17545.1171875 -17393.2753906
-17533.4648438 -17189.8105469 -17095.0722656
-16616.1484375 -16324.6250000 -16201.0478516
-16929.5917969 -16677.9960938 -16575.3476562
-16320.0781250 -16006.8720703 -15904.1796875
-17715.5644531 -17755.6796875 -17727.5566406
-16795.6796875 -16700.0859375 -16742.2792969
-16727.4667969 -16726.6816406 -16747.1777344
-16796.7363281 -16733.2558594 -16784.6796875
-17053.2851562 -17016.0468750 -17073.3867188
-18139.7011719 -18009.8085938 -18091.2656250
-15948.9248047 -15875.1523438 -15887.2978516
-17223.0449219 -17212.0878906 -17230.6914062
-17343.8027344 -17352.2792969 -17409.5937500
-17433.1894531 -17403.6992188 -17440.0566406
-19728.6855469 -19744.0371094 -19741.9199219
-16945.1347656 -17112.0527344 -17144.3652344
-17145.5410156 -17233.8847656 -17319.3671875
-16673.7167969 -16862.6074219 -16875.5449219
-16409.9550781 -16456.3847656 -16534.5820312
-17914.5039062 -18013.1230469 -18065.6855469
-17616.4687500 -17708.8105469 -17725.0781250
-16920.8828125 -16911.2539062 -16943.5039062
-18235.3554688 -18365.4296875 -18425.7851562
-15569.3349609 -15696.2968750 -15750.5800781
-16168.1845703 -16216.2666016 -16263.9794922
-16929.7148438 -16996.0371094 -17050.5605469
-16244.3808594 -16310.5800781 -16333.7988281
-16483.3242188 -16464.2949219 -16534.1894531
-17178.1835938 -17173.4628906 -17180.2617188
-16474.4414062 -16543.5722656 -16598.5917969
-16890.5898438 -16981.5156250 -16916.6875000
-16392.1289062 -16004.6923828 -16086.5234375
-17656.8144531 -17403.7753906 -17422.2968750
-17248.0742188 -16962.0332031 -16991.1972656
-16518.0585938 -16137.4423828 -16224.0908203
-16982.0917969 -16774.6523438 -16745.5722656
-16403.2832031 -16191.1162109 -16164.0253906
-17196.3789062 -16900.5449219 -16974.3339844
-17645.8242188 -17495.9785156 -17523.5019531
-17701.5351562 -17474.3828125 -17565.9375000
-17738.5136719 -17449.5957031 -17569.0937500
-17330.1894531 -17084.6601562 -17152.7343750
-17138.5136719 -16847.0136719 -16991.7128906
-17394.7421875 -17185.8183594 -17254.2636719
