-17964.8808594 -17757.5156250 -17674.7089844
-16071.6220703 -15754.6972656 -15565.8027344
-15860.1064453 -15623.5156250 -15361.0498047
-16502.3632812 -16248.3496094 -15988.5361328
-16372.6787109 -16121.9208984 -15969.0556641
-17121.3437500 -16863.5097656 -16740.8867188
-19257.0117188 -19106.8515625 -19001.9843750
-16091.3789062 -15751.7343750 -15573.9707031
-18086.3261719 -17929.3242188 -17815.6113281
-16542.7695312 -16241.1601562 -15992.2080078
-18078.4843750 -17914.3867188 -17886.0136719
-16787.5214844 -16473.3300781 -16337.7539062
-17876.0371094 -17643.0664062 -17586.9921875
-16137.5146484 -15803.3925781 -15804.7275391
-16672.0058594 -16326.6845703 -16404.8046875
-16418.2773438 -16110.7460938 -16220.3144531
-17783.9804688 -17547.3320312 -17608.1875000
-15882.7158203 -15567.6142578 -15733.7070312
-16437.4824219 -16123.9531250 -16112.0927734
-15817.2539062 -15369.9130859 -15461.1005859
-17646.2519531 -17346.8984375 -17391.0273438
-16136.7636719 -15763.7441406 -15856.3281250
-17422.3027344 -17266.5976562 -17134.7207031
-17070.0839844 -16855.3105469 -16704.0917969
-16167.2529297 -15876.8623047 -15657.0898438
-17955.5898438 -17723.5351562 -17656.2460938
-16177.2275391 -15807.5332031 -15710.9960938
-15924.8671875 -15622.8476562 -15548.5683594
-18497.4726562 -18299.1386719 -18349.8085938
-15975.3378906 -15635.3291016 -15713.9541016
-15994.5976562 -15728.2519531 -15688.2539062
-17687.3203125 -17506.1816406 -17573.5976562
-17644.5878906 -17398.9902344 -17450.3750000
-16861.1484375 -16595.4082031 -16528.9843750
-17062.3808594 -16877.6621094 -16909.3867188
-17243.3515625 -17018.9062500 -17087.0019531
-17218.4609375 -16922.5625000 -16833.1503906
-17246.1992188 -16992.9355469 -16880.5136719
-15749.0507812 -15526.8769531 -15317.3535156
-17346.9882812 -17082.2050781 -16978.4257812
-17183.0976562 -16798.1660156 -16681.8046875
-17940.5957031 -17780.5722656 -17585.9433594
-18106.0976562 -17960.1679688 -17725.7851562
-17898.3359375 -17709.5996094 -17513.9609375
-15967.7490234 -15676.7929688 -15319.2558594
-17791.0019531 -17642.8789062 -17531.0957031
-16221.9531250 -15828.1582031 -15670.2480469
-16011.4091797 -15713.5371094 -15565.9218750
-17135.4863281 -16947.2402344 -16823.6542969
-17083.2148438 -16745.1367188 -16678.2578125
-16550.6640625 -16315.0898438 -16238.7109375
-17264.7636719 -17005.1113281 -16855.3964844
-16725.1445312 -16447.9492188 -16254.0537109
-18440.0312500 -18300.4335938 -18272.2753906
-16558.3886719 -16211.8564453 -16221.4521484
-16471.7500000 -16154.2226562 -16260.2880859
-16345.6494141 -15950.2001953 -16013.6396484
-16041.4765625 -15712.9755859 -15809.4882812
-17238.1250000 -16988.1093750 -17038.6015625
-16725.8242188 -16505.9843750 -16585.3886719
-16445.1523438 -16134.3544922 -16217.9814453
-17033.5273438 -16745.2128906 -16798.4921875
-17079.4375000 -16604.6601562 -16675.5488281
-18728.1953125 -18486.4980469 -18524.4394531
-16010.2285156 -15566.4970703 -15733.3359375
-16760.1406250 -16462.1132812 -16464.0449219
-17987.7617188 -17730.0429688 -17661.7109375
-16837.9492188 -16629.4453125 -16520.4199219
-17713.6855469 -17504.9140625 -17373.6523438
-17317.8339844 -17026.5996094 -16954.1503906
-16526.7871094 -16329.6074219 -16136.1669922
-16954.6562500 -16710.9453125 -16618.1562500
-16365.3642578 -16064.2783203 -15936.2304688
-17802.8261719 -17740.8222656 -17702.3203125
-16835.7148438 -16746.6406250 -16812.6074219
-16689.9062500 -16728.4628906 -16803.0976562
-16586.7695312 -16584.4238281 -16614.2519531
-17032.4492188 -17039.9179688 -17063.9824219
-18108.4101562 -18035.9609375 -18119.7578125
-15761.5458984 -15717.2158203 -15765.7685547
-17453.3535156 -17376.4453125 -17400.6835938
-17219.6757812 -17246.1582031 -17266.9804688
-17218.9257812 -17247.1738281 -17206.5117188
-19637.2714844 -19655.5507812 -19655.2656250
-17196.2578125 -17249.1855469 -17292.5078125
-17144.4667969 -17216.5234375 -17227.0820312
-16835.3105469 -16924.7187500 -16948.7324219
-16379.4433594 -16440.9824219 -16480.9335938
-18014.1933594 -18072.7167969 -18124.2050781
-17496.4492188 -17528.9921875 -17524.2753906
-16759.5351562 -16795.6972656 -16908.1230469
-18255.3144531 -18334.3808594 -18353.7460938
-15568.9648438 -15625.4423828 -15740.5566406
-16239.6494141 -16254.1591797 -16339.7441406
-17010.5507812 -17114.7343750 -17162.2851562
-16473.4082031 -16583.7148438 -16586.2695312
-16627.6113281 -16600.3007812 -16652.5527344
-17082.2128906 -17120.5800781 -17150.5937500
-16513.2167969 -16610.6855469 -16663.6035156
-16691.9531250 -16823.0546875 -16720.3125000
-16544.7578125 -16279.5839844 -16269.2919922
-17692.8125000 -17525.8671875 -17593.0468750
-17062.2929688 -16834.3281250 -16924.4765625
-16431.9843750 -16117.8847656 -16182.8525391
-16918.4238281 -16655.9863281 -16660.9960938
-16337.4873047 -16090.6142578 -16102.9638672
-17127.8222656 -16830.1621094 -16923.7539062
-17472.9296875 -17323.0019531 -17342.0781250
-17571.0332031 -17349.4042969 -17411.1738281
-17726.7753906 -17532.5214844 -17555.3046875
-17200.0292969 -16990.0234375 -17030.0859375
-17073.6015625 -16814.2343750 -16916.3066406
-17284.7070312 -17083.3906250 -17153.2011719
