-84764.7734375 -79879.7656250
-82439.1875000 -76798.4062500
-80902.3671875 -75353.4296875
-79201.4843750 -72923.7031250
-73404.5234375 -79261.2734375
-74071.2500000 -79557.9921875
-74612.7031250 -80147.5078125
-74350.0703125 -80000.4921875
-73266.1718750 -79724.4296875
-73840.3515625 -79595.5625000
-88683.5156250 -84552.5546875
-79701.1015625 -73740.8984375
-79059.4921875 -72880.3828125
-78806.9765625 -72721.5781250
-79891.4765625 -73451.7109375
-78945.9218750 -73042.8750000
-82151.7187500 -76955.5703125
-93139.2343750 -90170.1718750
-90741.6250000 -87681.5000000
-80185.5781250 -74845.0078125
-81300.4062500 -76720.3750000
-80368.1875000 -75154.1640625
-80313.8671875 -75270.0859375
-97727.2343750 -95735.8593750
-86982.1718750 -82383.8906250
-83745.4453125 -78755.9062500
-84451.1953125 -87967.2109375
-78559.5468750 -83343.7343750
-83776.7343750 -87386.6171875
-77629.2812500 -82316.2187500
-77963.6484375 -82899.0625000
-81668.4531250 -85762.1328125
-74034.9765625 -79242.2343750
-74299.1406250 -79213.7421875
-73940.6796875 -80013.2187500
-73602.7812500 -79331.7656250
-74108.0390625 -80193.6640625
-74105.9062500 -79848.3281250
-73997.9140625 -80070.2812500
-73424.7578125 -79534.0000000
-73587.5781250 -78994.1718750
-73966.3203125 -80005.8593750
-73660.5390625 -79594.0156250
-73712.5078125 -79778.1718750
-74171.4375000 -80115.2968750
-73971.6953125 -79439.2500000
-73669.7421875 -79228.6875000
