-84764.7734375 -84599.4375000
-82439.1875000 -81845.0468750
-80902.3671875 -80748.4218750
-79201.4843750 -78675.2343750
-77307.9609375 -79393.1484375
-78018.6796875 -79657.2812500
-78629.9218750 -80237.1093750
-78359.6796875 -80076.5703125
-77133.9609375 -79801.5546875
-77759.4140625 -79768.0546875
-88721.2656250 -88271.3828125
-79753.7890625 -79551.5937500
-79122.9765625 -78777.4531250
-78884.1640625 -78686.5078125
-79914.4609375 -79383.3593750
-78997.7890625 -78897.6640625
-82166.5703125 -82257.5859375
-93171.8125000 -93091.5234375
-90790.0859375 -91095.9843750
-80240.9140625 -80374.5000000
-81365.3125000 -81742.8828125
-80446.7187500 -80669.8828125
-80376.6328125 -80496.7734375
-97735.3515625 -97759.0859375
-87001.7031250 -86527.6015625
-83792.3593750 -83595.2890625
-87163.3906250 -88018.7734375
-81894.4843750 -83436.2812500
-86625.0937500 -87492.2500000
-81285.5078125 -82367.8750000
-81290.1250000 -82959.7421875
-84665.8593750 -85799.4296875
-78119.2187500 -79325.6250000
-78289.1562500 -79332.7265625
-77917.5625000 -80119.3125000
-77604.5625000 -79361.6171875
-78146.2968750 -80260.0000000
-78102.1015625 -79927.6171875
-77986.6250000 -80152.2031250
-77226.9531250 -79596.0703125
-77488.5000000 -79100.3359375
-77875.2578125 -80141.2343750
-77584.8750000 -79673.4062500
-77594.2500000 -79870.3671875
-78007.7968750 -80238.2109375
-77992.9765625 -79535.5703125
-77549.2500000 -79343.3828125
